

16 	62.1769954724	0.00544878959567	0.00339654091174	
16 	62.1794846133	0.00543992016482	0.00343550853536	
16 	62.1491652008	0.00501651468315	0.00326727942227	
16 	63.6415696545	0.00517833375283	0.00332929404446	
16 	63.6597128106	0.00522814591195	0.00342513606893	
16 	63.6884774874	0.00531797283702	0.00339273284866	
16 	63.6508169969	0.00530714034205	0.00336410930783	
16 	62.142482577	0.00550376191703	0.00334538430597	
16 	62.2063567021	0.00505658775090	0.00329080522998	
16 	63.6686347883	0.00558730566038	0.00345731690943


	
32 	117.599268406	0.00546209365641	0.00332311529072	
32 	120.086645606	0.0059076153641		0.00338821595096	
32 	120.028181644	0.00573501600854	0.00345283684965	
32 	117.748335355	0.00549877584331	0.00349962313731	
32 	119.972951669	0.00573003735325	0.00365866353131	
32 	117.713204119	0.00554654337775	0.00335804782923	
32 	119.981748173	0.00544168134508	0.00360485629392	
32 	117.667064785	0.00535312023939	0.00346731319652	
32 	119.932107859	0.00534620560748	0.0034147393226	
32 	117.737939426	0.00551967092739	0.00342736813794

	

64 	213.002124739	0.00551506462278	0.00327076034087	
64 	215.521209865	0.00550105497771	0.00332693022345	
64 	215.188049378	0.00590933928571	0.00347732689023	
64 	212.820394754	0.00588627031908	0.00341423887843	
64 	215.399365307	0.00617395480226	0.00342098183879	
64 	215.503305216	0.00579107546049	0.00333271454626	
64 	212.993398005	0.0055773443609		0.00341188196478	
64 	215.256979035	0.00601963690476	0.00350955080209	
64 	215.344755437	0.00592561440048	0.00347631081047	
64 	215.480882597	0.00550380499405	0.00326536198772

	

128 	357.237779592	0.00628876299749	0.00336601544283	
128 	357.407761269	0.00701398423504	0.00333810403535	
128 	357.151429326	0.00713906451613	0.0037498194393	
128 	347.629561656	0.00692058649945	0.00357102638238	
128 	357.311601465	0.0066710068076		0.00347968573016	
128 	357.202628091	0.00644734218077	0.00357500486127	
128 	357.596994943	0.00665783309456	0.0032300062535	
128 	357.272912807	0.00660989964158	0.00378355582558	
128 	357.520415174	0.0072741484403		0.00356148945472	
128 	347.315909641	0.00621958333333	0.003366291421	



256 	530.786565426	0.00894547779923	0.00356031418935	
256 	532.894802651	0.00799846708313	0.00359686413758	
256 	530.92469812	0.00844816119691	0.00343517870687	
256 	533.118779284	0.00873452666987	0.00396101652083	
256 	531.388369871	0.00872925229137	0.00345445456115	
256 	533.342944271	0.0085529408938		0.00369151108754	
256 	531.283942863	0.00749133012048	0.004341180736	
256 	532.889258951	0.00804944230769	0.00354804557204	
256 	530.378950826	0.00813396326728	0.00363283606483	
256 	533.043566138	0.00792074483421	0.00360641050161

	

512 	706.619688581	0.203494222222		0.302024547038	
512 	706.90922941	0.234221270754		0.360823700196	
512 	706.88118998	0.284838283724		0.429021691448	
512 	706.91832437	0.193527703752		0.308809991937	
512 	706.931460349	0.240957549407		0.292949639632	
512 	706.418253756	0.0949302523874		0.144512790916	
512 	706.722579196	0.128959232822		0.206459992694	
512 	706.850905632	0.35072208993		0.479264268383	
512 	706.082771115	0.0635939635854		0.0833441795573	
512 	706.053908376	0.0614776262976		0.0965625735982	



1024 	845.514913056	0.741949090909		0.404427739753	
1024 	844.509935189	0.503918193689		0.43069737512	
1024 	844.458528997	0.593851954148		0.348435388347	
1024 	844.550894326	0.423264972737		0.370986792676	
1024 	844.530748074	0.453077582057		0.345526539919	
1024 	844.149132388	0.331678030635		0.386365509501	
1024 	843.98483752	0.400212156863		0.356943365218	
1024 	845.077201874	0.502378106638		0.424820457224	
1024 	844.693586971	0.397736413043		0.413733607958	
1024 	845.136818612	0.752333282774		0.399524152174	
